rec_id,[labels]
2,11,12
3
5,10
8
9
11
13,15,17
14
15
16
18,1
19,2
20,7,10
21
23
24,1
25
26,10
35
36,10
38,10,18
39,1,17
43,4,6,10
45,10,18
46
50,7
53
54
55,0
56,8
58,10
60
61
64,9
67
71,1,7,12
73,1
76
78
80,0,2
88,1
91
93
94
96,7,15
97,6,12
100,6
102,13,14
103,9,10
108
110,1,2,8
111
114,2,10
115,7
116,8,11
118
120
122,8
123,7,10
125,2
126
128
131
132,5,6,10
133
138,9
140,5,6,10
141
142
145,9
146
147
148
149
150,8,10,14
151,2,5,9
152
153
155
160,4,8,10
167,1,10,11
168,1,10,12
169,18
175,2,4,10
178,17
183,1,7,10
186,1
189,1,10
190,1
192,7,18
193,7,10
194,17
199,10,12,18
200,18
201,6
202
203,2,4,6,7,9,10
204,16
205,9,12,18
206,6,10
210,18
213,9
215,9
216,6,10
217,6,10
219
221,7
222
227,1,12
228,1,2,5,9
231,1,8,10
234
235
240
243
248,0,5
249
250,10
251
252
255,4,8,12
256,9,10,16
257
259
265,1
271,8,9
272,8,10
276
277
278
282
285,18
286
287,6,10
288
289,5,12
292
294
295,9,10
302,7
305
306,2,7,8
309
310
313
314
315
322
323,1,11
324,11
325,1,10,11
326,10
327
329
332
333,1,2,11
334,10,15
336
341,1,10
347,1
349,10
351,4,7
354,17
358,1,10
362,6,12
363
364,4,6,7,9,10
365,16
367,2,10
368,18
369
370,9,10,18
371
373
378,6
379,6,7,10
380
385,14
387
389
390,1,2,7,12
395
398
401,0,2
403
404
407,1,14
408,1,6,14
409
410,8
411,9
412
413
414
415
416,13
417,15
419,6
421
422,6,9
423
424,13,14
425,9
426
428,2,3,7
430
431,8,9
432,1,2,8
433,6
434
435,8
437
438,8,11
439,1
440
441
443,2,3
444,2,8,10,14
446,8
448
450,6
451
454,5,6,10
457,12
458
459,10,12,14
460,17
462,9
464
466,14
467
468
474
475,4,8,10,15
480,8
481,4,8,10,14
483
484
485
488,11
489,1,11
490,1,10
493
494
495,11
498,10,12
500
502
505,1,10
507
511,1,10
513,10
514,10
515,7,9,10,18
517,18
519,10
522,18
523
524,6
528,9,10,13,18
529,10
530,18
531
535
537,9
538,0,9
540,6
545
547
548
549
551,1,7,11,12
553,1,12
557
558
559
560
561,0,7,8
563
564,1
566
569
574
576,12
577,4,15
578,13,14,16
581,4
584,10,13,14
586
587
588,3,5,7,8
590
593
594
597
600
601
602
603,3
606
607
609
610,6
612
615
616
618
619,8,10,12,14
620,10
622,9
623
625,2,8,10,14,15
626,14
629
630,2,6,8
631,8,10,14
632,2,10,14
633
634,0
640,8
641,4,8,10,14
642,4,15
